2178379.642857
2173556.621429
2168733.600000
2163910.600000
2159087.600000
2154264.500000
2149441.400000
2144618.164286
2139794.928571
2134971.178571
2130147.428571
2125323.050000
2120498.671429
2115673.800000
2110848.928571
2106023.807143
2101198.685714
2096372.921429
2091547.157143
2086720.792857
2081894.428571
2077067.478571
2072240.528571
2067413.007143
2062585.485714
2057757.250000
2052929.014286
2048100.171429
2043271.328571
2038442.257143
2033613.185714
2028783.542857
2023953.900000
2019123.628571
2014293.357143
2009462.542857
2004631.728571
1999800.271429
1994968.814286
1990136.685714
1985304.557143
1980471.764286
1975638.971429
1970805.564286
1965972.157143
1961137.964286
1956303.771429
1951469.078571
1946634.385714
1941798.785714
1936963.185714
1932127.135714
1927291.085714
1922454.128571
1917617.171429
1912779.757143
1907942.342857
1903103.992857
1898265.642857
1893426.828571
1888588.014286
1883748.228571
1878908.442857
1874068.300000
1869228.157143
1864386.964286
1859545.771429
1854704.135714
1849862.500000
1845019.978571
1840177.457143
1835334.435714
1830491.414286
1825647.607143
1820803.800000
1815959.071429
1811114.342857
1806269.392857
1801424.442857
1796577.885714
1791731.328571
1786885.442857
1782039.557143
1777190.814286
1772342.071429
1767495.771429
1762649.471429
1757798.028571
1752946.585714
1748100.385714
1743254.185714
1738399.521429
1733544.857143
1728699.992857
1723855.128571
1718996.235714
1714137.342857
1709294.785714
1704452.228571
1699587.535714
1694722.842857
1689884.221429
1685045.600000
1680173.521429
1675301.442857
1670468.914286
1665636.385714
1660755.100000
1655873.814286
1651049.964286
1646226.114286
1641334.078571
1636442.042857
1631629.771429
1626817.500000
1621914.492857
1617011.485714
1612214.264286
1607417.042857
1602506.421429
1597595.800000
1592818.242857
1588040.685714
1583135.557143
1578230.428571
1573483.600000
1568736.771429
1563875.042857
1559013.314286
1553735.278571
1548457.242857
1543739.028571
1539020.814286
1534032.242857
1529043.671429
1524389.307143
1519734.942857
1514716.928571
1509698.914286
1504498.971429
1499299.028571
1494321.935714
1489344.842857
1484095.842857
1478846.842857
1473931.864286
1469016.885714
1463739.307143
1458461.728571
1452999.285714
1447536.842857
1442299.214286
1437061.585714
1431551.164286
1426040.742857
1420863.214286
1415685.685714
1410147.785714
1404609.885714
1398882.542857
1393155.200000
1387656.878571
1382158.557143
1376383.328571
1370608.100000
1365168.964286
1359729.828571
1353926.821429
1348123.814286
1342134.185714
1336144.557143
1330378.635714
1324612.714286
1318577.714286
1312542.714286
1306832.435714
1301122.157143
1295061.714286
1289001.271429
1282737.128571
1276472.985714
1270449.700000
1264426.414286
1258116.785714
1251807.157143
1245836.957143
1239866.757143
1233534.442857
1227202.128571
1220670.857143
1214139.585714
1207852.107143
1201564.628571
1194973.785714
1188382.942857
1182167.721429
1175952.500000
1169307.735714
1162662.971429
1155927.364286
1149191.757143
1142528.935714
1135866.114286
1129150.285714
1122434.457143
1115732.328571
1109030.200000
1102394.735714
1095759.271429
1088352.385714
1080945.500000
1074505.100000
1068064.700000
1060390.642857
1052716.585714
1046559.625000
1040402.664286
1032375.560714
1024348.457143
1017944.331429
1011540.205714
1003079.967143
994619.728571
988553.064286
982486.400000
973407.128571
964327.857143
958671.025000
953014.192857
940185.400714
927356.608571
922462.121429
917567.634286
912604.837143
907642.040000
902819.185714
897996.331429
892854.558571
887712.785714
882548.718571
877384.651429
872210.237143
867035.822857
861782.479286
856529.135714
851426.282857
846323.430000
840891.144286
835458.858571
830000.192857
824541.527143
819077.295000
813613.062857
808058.385714
802503.708571
797110.490000
791717.271429
785983.842857
780250.414286
774485.404286
768720.394286
762955.344286
757190.294286
751322.097143
745453.900000
739758.496429
734063.092857
728016.740000
721970.387143
715885.842857
709801.298571
703726.596429
697651.894286
691458.465000
685265.035714
679258.142143
673251.248571
666901.239286
660551.230000
654204.357857
647857.485714
641638.440714
635419.395714
629116.319286
622813.242857
616700.460000
610587.677143
604111.803571
597635.930000
591115.964286
584595.998571
578085.195714
571574.392857
564933.129286
558291.865714
551845.097143
545398.328571
538576.067143
531753.805714
524876.604286
517999.402857
511140.080000
504280.757143
497270.132857
490259.508571
483457.272857
476655.037143
469457.107143
462259.177143
455009.160714
447759.144286
440508.984286
433258.824286
425884.551429
418510.278571
411295.740000
404081.201429
396544.365000
389007.528571
381368.292143
373729.055714
366101.643571
358474.231429
351057.435000
343640.638571
335722.289286
327803.940000
321795.157857
315786.375714
306192.574286
296598.772857
295309.569286
294020.365714
292717.075000
291413.784286
290093.051429
288772.318571
287403.416429
286034.514286
284624.240714
283213.967143
281770.838571
280327.710000
278867.520000
277407.330000
275926.241429
274445.152857
272907.096429
271369.040000
269785.742143
268202.444286
266582.477143
264962.510000
263320.903571
261679.297143
260011.577857
258343.858571
256608.715000
254873.571429
253088.040714
251302.510000
249474.837143
247647.164286
245792.080714
243936.997143
242049.509286
240162.021429
238193.560714
236225.100000
234198.902857
232172.705714
230097.062857
228021.420000
225910.525000
223799.630000
221646.710714
219493.791429
217242.987857
214992.184286
212674.073571
210355.962857
207977.952143
205599.941429
203175.631429
200751.321429
198273.246429
195795.171429
193195.107143
190595.042857
187912.928571
185230.814286
182472.595000
179714.375714
176892.660714
174070.945714
171177.487143
168284.028571
165234.447857
162184.867143
159029.520714
155874.174286
152618.275000
149362.375714
146023.893571
142685.411429
139296.435714
135907.460000
132349.243643
128791.027286
125106.622786
121422.218286
117630.420143
113838.622000
109914.113214
105989.604429
101923.747500
97857.890571
93449.659571
89041.428571
84340.033786
79638.639000
74569.073429
69499.507857
64441.961429
59384.415000
52046.749571
44709.084143
41174.493429
37639.902714
18819.951357
